4 -397 347 -897 -549
28 -794 -228 -383 -267 57 -883 -117 -851 -203 956 -180 -557 -289 -119 -884 -622 156 462 193 523 -587 -238 -38 19 436 -298 -298 46
78 -934 -660 -653 -924 559 -871 -9 -422 -81 357 135 -200 721 667 272 817 629 62 925 659 -854 0 303 -158 -296 -226 -797 -856 324 5 -799 668 751 816 -351 -903 -904 -651 -900 -295 -691 55 903 -14 -482 -327 -449 -825 738 763 -821 -194 972 -10 506 -162 -673 566 -916 685 192 259 -322 903 -653 -793 634 -677 229 -463 755 -290 0 714 -359 793 331 -359
97 -706 -812 116 -312 182 -649 -895 -215 -679 123 -717 -192 472 -532 6 891 130 -723 -248 -445 140 901 647 804 -791 -166 -313 4 447 205 80 595 -568 -288 931 -18 -787 -69 -115 -731 889 -213 -125 527 -360 -832 834 -66 954 225 516 937 703 -181 -753 420 576 540 884 -617 609 392 -756 -95 -198 84 -381 -721 660 -922 886 -285 -23 -792 -380 -730 -747 875 -611 -895 -178 599 -974 213 -746 -432 -67 -703 587 790 -714 -963 -389 721 -931 -828 -806
20 587 688 357 -573 332 606 532 911 -479 659 -976 -148 -535 275 -94 -474 412 938 -657 897
96 953 -937 -471 140 -406 567 470 781 371 60 744 -614 402 592 478 -420 -640 269 -127 318 957 302 -598 693 553 501 -546 103 -263 193 -393 -523 971 128 -142 751 -490 855 -838 821 302 -621 -504 -456 -22 831 619 -296 -35 -131 418 -104 -277 915 -497 332 685 873 284 960 -152 703 -44 -595 -65 129 672 480 565 -556 382 647 233 44 -667 -65 -250 -553 -582 15 -765 -882 -435 118 -976 -2 -760 848 -688 -399 535 328 -545 534 -903 -937
37 -612 -744 875 -566 -814 -259 305 -116 411 47 -321 -688 -624 -419 -890 -797 -361 385 -101 199 595 996 1 899 -476 176 967 -634 112 195 -758 -295 879 -36 -39 -567 -69
5 546 631 325 899 666
9 430 -706 -77 551 -345 -537 -690 276 -325
7 -124 108 416 -388 194 -497 -471
60 -771 -341 853 -53 -849 183 607 510 -513 -709 518 517 -947 461 -893 -400 -529 101 -95 -796 294 578 872 207 -600 122 184 330 -836 -57 -695 875 942 -14 -315 -868 -768 263 581 622 789 973 -62 -952 -343 -362 866 -931 -850 405 77 -530 -493 176 772 -110 -651 -575 -103 -910
96 577 923 215 989 -929 -214 696 -804 401 985 178 748 185 643 578 284 -272 -607 -298 -607 558 501 170 745 227 -783 -819 590 229 -638 767 158 -7 804 -894 85 767 -591 -278 859 -114 -672 -529 662 943 760 423 -57 79 821 -592 209 390 744 185 454 -436 -604 -822 951 220 -150 -8 -776 -289 -160 182 472 514 -287 -389 -258 95 -892 229 347 504 163 590 585 -384 -579 136 -72 611 138 586 975 718 -928 -962 286 -338 92 834 949
65 -117 -371 498 -864 810 762 -396 794 -615 282 795 -542 296 783 22 -387 -462 314 -568 542 -22 747 -243 -195 433 725 751 995 991 64 -763 422 652 -15 -787 76 992 -543 -394 306 -286 -404 -126 565 249 -798 829 -537 310 -383 -810 908 799 29 -126 -901 -281 161 101 -158 24 400 -388 522 3
60 900 299 145 394 134 -899 -624 -435 789 779 -759 -301 -652 909 991 -787 18 -358 266 -600 -764 661 442 27 -141 793 285 -501 306 336 -534 717 935 488 -707 -247 41 -838 165 419 945 -624 -123 629 -8 -676 137 145 -211 -516 10 -740 826 -623 -507 508 -153 570 896 -335
63 881 740 971 296 -934 -390 -983 322 -262 890 9 -402 -864 -490 61 460 -659 976 74 -354 -206 680 487 826 718 -872 313 -746 -837 -974 -805 689 -248 500 548 315 -265 -465 -418 -544 346 644 340 599 -281 777 -710 -114 -187 -571 806 453 974 859 285 -581 467 -328 326 -610 983 -20 647
58 536 -817 -851 315 -263 782 -407 -648 25 -378 -263 -411 75 -191 -563 98 -91 905 -152 -99 -601 215 -639 -785 684 -39 665 255 873 -161 -774 933 634 990 -209 836 449 84 365 491 -441 -22 662 -309 543 500 59 -621 208 -372 925 760 672 -92 336 -606 274 -750
95 -966 538 -431 178 -966 833 -466 -318 247 947 -958 811 -557 -335 746 836 551 332 -444 -998 652 -58 775 -898 713 941 883 555 620 -680 -751 -650 -488 -967 938 -931 924 -565 110 338 -27 -570 -181 -772 439 363 99 -400 953 -736 -882 230 -172 373 83 32 640 -946 191 943 -987 915 514 813 -884 479 -297 -76 -877 894 -645 608 47 925 978 -483 -443 323 649 672 332 379 438 601 -610 -839 177 185 138 453 262 940 -790 -938 -412
95 573 545 -410 189 888 936 890 344 410 -969 -677 -691 -633 -348 -702 92 727 -920 708 906 -193 627 80 -396 895 -515 791 236 433 -300 47 734 831 -49 397 886 853 100 -618 -914 308 -195 746 403 699 258 483 -631 987 161 998 -352 -538 567 -586 -994 291 -652 -980 -158 -267 -919 91 -835 841 265 -49 -484 -341 -976 759 -639 -142 841 -998 -487 971 612 672 674 -473 -808 -245 545 -627 -254 -967 -241 444 -741 435 197 195 -117 -756
26 -69 859 782 710 322 64 -721 -864 681 153 -558 -149 826 -272 728 261 62 26 268 251 409 62 998 -907 -301 -716
26 -52 717 -451 -778 -724 143 163 -233 12 -632 -673 593 433 511 -244 -789 -308 -445 -110 437 780 -879 -459 -582 52 -753
5 196 85 36 -399 -281
55 115 -597 747 392 -275 -528 129 -162 -39 839 44 530 105 867 -856 480 -501 868 692 20 143 -15 -151 -28 802 531 -847 -656 -227 735 -808 785 86 -854 668 -240 702 -566 499 -871 853 631 -468 9 -650 -299 991 -673 -202 -492 -428 261 -985 675 -391
35 -7 405 -967 -845 484 -798 581 -234 173 361 -174 68 920 955 675 -432 293 898 151 119 372 725 -3 -221 -622 -37 -260 -689 -612 -778 -268 948 -201 809 -668
50 107 -729 -534 518 957 -601 -503 874 309 359 59 429 -689 -261 193 849 -572 979 -149 693 924 978 -231 689 -311 -969 683 -468 -146 129 -606 -949 549 944 222 484 -914 -667 -681 273 57 880 1000 197 -354 571 -610 -414 -169 -563
70 357 127 402 644 52 -209 -133 -60 -934 217 -873 -694 598 -43 536 76 -841 998 -456 898 -951 -515 -738 -101 722 -918 959 -109 -970 -611 346 -852 -917 83 -62 -730 892 -344 -474 -372 644 93 719 957 45 -749 -354 -353 601 -597 156 776 -818 94 -5 -66 -173 -428 -809 -281 500 -372 -469 164 774 -212 -322 933 686 -207
8 -628 -333 237 -294 137 -885 -229 -337
2 -862 -588
64 690 -766 -257 423 671 78 -212 696 263 338 -914 158 -40 -815 -866 -435 235 248 254 983 214 558 94 -457 -732 716 -835 -846 740 401 -527 -94 332 -625 -125 -811 -716 872 -854 -843 -113 766 -660 49 312 14 794 -344 701 990 724 -140 -710 990 -199 475 185 -65 -285 363 -937 -286 150 -568
37 205 907 271 -491 -725 -372 -606 199 -52 287 75 -225 -686 -416 -315 903 -539 -694 310 -246 -113 970 132 186 -901 805 -671 -887 145 790 274 89 616 758 952 -528 -249
80 -969 -853 -885 -248 -119 517 72 82 185 -736 -289 -908 -502 -353 -546 915 171 -247 958 786 766 365 665 162 885 -994 -858 368 -343 -677 953 -504 -480 83 -127 142 795 843 718 843 -79 -925 -531 -585 -813 -9 -213 1000 -163 -603 -434 -624 403 959 720 172 -180 -223 870 -92 188 -23 -894 228 988 564 479 927 87 -209 -635 -337 390 -621 -875 -400 -203 659 -329 656
95 538 -427 -34 -576 357 -271 -211 815 -927 750 471 -88 -176 301 743 661 -710 99 171 -680 -739 189 -601 885 -864 -454 -256 -16 -986 -100 -721 -909 -581 752 54 441 508 740 950 -621 -415 -293 611 275 -857 726 846 -713 -396 -290 -856 -284 951 -978 406 739 252 -147 329 662 987 -959 -525 -590 346 -92 -45 840 -428 57 43 -303 677 639 10 841 -965 -131 -370 270 -178 -915 583 90 -758 80 590 131 -229 388 640 986 767 569 700
71 700 864 282 96 170 600 -580 928 15 591 357 852 -898 -329 -898 -89 -267 179 -854 -505 -992 404 915 106 -577 706 880 -877 -908 548 -881 -663 -734 -469 -771 449 -337 764 709 -892 442 535 -626 -207 566 -1000 -418 661 -73 -895 612 328 -629 612 178 101 94 318 832 906 313 708 -213 565 787 -174 -969 -472 -956 487 -697
53 195 -682 97 -85 -111 -995 706 46 -945 -681 -546 -595 830 469 675 -34 12 -126 597 499 839 -841 -619 50 49 -428 -560 -491 743 738 -905 25 577 -897 104 473 -608 4 -342 299 378 518 354 46 -583 786 767 778 442 751 -639 -92 -201
51 534 385 95 911 -206 401 -712 353 586 805 -209 706 47 -715 808 816 -65 945 -449 97 -988 -868 618 740 115 418 -521 955 508 809 668 993 -487 -577 -106 -98 297 580 -378 -803 736 553 329 850 -42 -628 -398 -343 -131 -876 -535
72 860 231 -729 -90 984 -890 -712 231 -387 -661 -733 -81 307 -865 905 188 -693 871 -640 -272 -166 -473 -726 900 -515 720 -157 633 -337 431 614 -499 481 72 750 -591 744 -991 -494 471 325 -866 832 -969 989 -34 301 713 589 -851 595 -435 17 276 -667 -584 -174 50 -825 476 -555 372 29 498 124 601 239 622 -286 -426 803 675
99 518 -499 503 495 -113 -592 779 252 92 -189 -775 68 824 -576 -857 -62 -136 -552 -697 -623 -398 906 -485 341 488 989 -827 455 -412 179 -105 528 -337 533 551 -50 559 609 -207 -625 55 973 -852 -750 -471 -779 711 -901 755 -778 -166 -841 158 -626 -383 928 930 -365 -361 -517 -545 -62 -119 101 -754 -687 943 829 86 187 -138 -978 27 539 157 -895 592 -846 -278 -54 -80 -828 238 244 84 -374 72 -250 -775 964 -7 529 468 84 -573 219 117 -797 -133
34 -490 156 917 -546 -542 -568 -429 -550 -667 -725 -97 165 252 -603 856 -813 -550 -121 -197 39 850 703 841 424 -368 48 440 894 -716 -516 -961 85 -546 884
58 -976 -392 946 -386 647 -918 997 893 788 916 -324 -122 722 -433 997 951 -251 -553 114 932 886 -79 -227 -747 -409 -777 -527 -929 -411 -922 -17 -711 -232 101 592 -508 150 -930 249 -391 -875 685 -365 824 328 587 -782 805 112 156 564 304 -356 730 -482 -268 -984 -651
5 -796 557 262 -854 -532
70 -577 -899 -782 -541 763 738 219 -395 212 666 685 -517 173 -831 -49 876 249 -60 35 751 -660 -852 -864 193 804 487 -752 -802 -441 928 722 -897 -543 707 -984 -508 149 -297 -851 848 446 -309 766 417 876 160 40 178 -571 497 -654 554 -191 -963 896 942 176 -180 -568 -21 285 658 -724 805 -568 -26 765 -510 320 -324
21 -913 859 726 741 291 461 681 -777 38 -825 -850 991 -791 -535 209 251 -138 -60 444 96 124
36 -10 -174 -670 -724 907 -30 -974 618 -877 -291 -233 -375 -487 336 -967 502 877 -45 -578 -592 -440 -410 406 -534 494 -970 -373 160 -2 252 571 -170 195 851 399 -185
32 -432 -968 -37 -189 97 -134 113 -678 644 -534 -699 -644 439 5 -614 960 -892 756 -708 -757 929 803 340 272 -565 -421 31 232 897 805 835 -234
44 -522 -327 654 -874 817 -586 610 -898 475 -913 165 445 -774 472 -298 68 534 206 416 -157 459 831 141 660 -766 811 3 -877 417 -490 443 -937 600 755 143 778 -555 -594 -19 746 979 -298 942 -670
88 315 -528 -811 845 796 -869 481 -467 33 -900 384 75 57 -8 592 512 -909 412 -775 115 695 -951 -221 -473 509 46 554 -53 -550 -464 -450 -871 -928 -975 385 255 915 -978 158 135 619 -829 -339 -85 761 949 782 903 980 -911 409 -350 -914 843 -295 985 -987 -624 81 -923 -524 -163 889 -86 -838 -999 -196 -806 -653 232 -180 901 413 -877 333 662 500 737 -910 -594 -846 564 -513 134 -992 294 305 -101
3 202 -628 683
68 -864 -741 -472 614 -742 -42 -923 420 -816 48 575 -696 -516 -225 -644 249 26 -749 -835 -871 -84 202 506 741 158 -621 780 -208 753 -927 334 -819 13 946 -498 739 416 598 624 -331 898 129 -221 -724 2 -134 520 -807 -9 621 -897 443 437 88 -937 491 863 -20 84 -508 -978 -893 201 858 325 388 -861 -634
23 -26 856 981 -14 -919 863 189 346 484 322 515 89 213 252 805 181 358 42 -4 -681 78 -113 474
15 667 -735 -263 385 880 -234 924 -221 681 705 401 -463 -256 349 -290
76 240 -998 -528 122 -462 -893 -191 977 -27 -893 -124 -528 -129 -951 123 -694 848 -897 58 -489 -216 415 -947 562 -223 249 755 -640 -153 330 -736 207 -343 -95 -681 205 831 -499 643 -839 143 -658 679 304 414 -82 869 -914 679 662 -997 994 21 -62 399 656 370 969 -817 959 442 -714 -877 -30 428 143 -921 -591 -851 -487 -688 422 -111 786 -40 708
98 -930 -682 869 256 -261 -971 120 43 -389 42 993 94 -345 -475 862 -364 -18 892 -563 968 -872 -879 561 -518 393 -178 -719 112 -771 -688 -760 -516 689 714 410 233 -949 -126 -951 -783 847 252 -928 641 867 -287 443 -462 -9 278 -732 108 -938 753 -464 -824 -388 -881 -928 711 -402 -735 -824 828 522 687 -240 -699 -823 892 -920 -767 730 342 710 -883 -362 66 680 -274 853 -740 914 15 -67 -343 37 -648 -222 10 302 -381 -742 843 682 -333 -924 306
20 -626 -785 -575 908 790 202 -352 822 -399 -298 -404 -812 582 245 641 -158 -546 -4 -425 945
1 207
100 607 -97 -982 326 -19 267 -310 628 649 227 397 989 312 577 631 854 713 480 -904 -39 526 -514 585 182 430 124 -367 236 -618 698 732 203 588 -35 -162 930 -484 495 -410 140 17 -397 782 -21 -992 434 -247 -50 -642 174 -98 -833 -7 495 -675 -403 -402 -714 -856 -96 -879 -628 -703 -197 497 -728 -155 -898 683 983 -65 -53 178 467 444 -653 760 -10 777 764 615 -737 -624 -756 93 -509 796 147 805 -964 -309 -95 -737 130 -990 -432 -468 -937 563 -891
37 505 772 -641 864 980 430 713 -707 547 -722 -150 -894 614 862 507 -130 806 710 657 864 209 601 780 511 -834 -341 682 -821 154 -473 -460 -928 208 234 -49 262 -123
74 102 29 786 571 359 -860 -825 43 -531 -167 480 -875 -543 -756 -887 -483 168 518 -846 252 109 6 423 607 -121 -765 426 -811 -53 578 465 -977 -260 416 -518 -358 -634 817 -103 193 -446 42 82 -42 415 389 -279 193 -141 377 284 137 338 741 -693 754 -175 701 -255 75 -446 -280 362 119 -200 48 -192 -881 -648 371 637 -421 -22 191
94 -394 -733 -339 -545 341 -407 -162 269 640 -579 -71 -698 -887 960 -104 937 -850 984 79 -934 -647 -729 673 348 -452 984 177 -488 -596 -374 443 -542 -987 -897 944 -334 -222 -125 -352 -545 644 88 555 627 -656 501 739 712 711 -319 265 123 -904 -201 973 275 -672 436 -344 -964 -187 -115 529 -46 -384 29 615 -523 -449 -361 761 -441 922 727 102 359 472 295 -94 -321 -322 -243 970 173 952 -115 -595 842 581 -994 -131 205 -563 595
75 -762 -667 392 129 936 219 -894 -470 -858 -875 -567 307 514 209 -441 823 -894 -878 65 904 176 -604 641 -780 870 318 -81 -716 -809 206 431 897 -673 505 -899 -92 289 -561 -630 795 380 421 -628 305 -977 -731 -330 706 -613 -505 589 564 406 111 -333 -171 -434 -813 -29 -31 847 760 552 -504 889 972 -360 -587 -396 68 -703 31 871 422 839
44 -819 376 -765 128 767 -307 -27 587 -320 -490 17 -171 44 364 845 210 -957 -87 -495 77 -779 -835 743 548 -341 440 787 647 295 -750 -95 756 208 919 -998 340 -562 963 851 981 401 922 -77 199
40 -262 666 795 105 -901 678 598 274 436 928 652 -471 602 -688 -931 211 186 981 -296 298 -622 229 197 690 -934 -304 263 -599 -992 305 -25 126 728 -878 666 510 70 -91 258 470
88 -272 -875 87 415 273 248 15 763 717 209 245 -757 -893 344 -4 628 -855 521 26 829 59 381 603 816 -217 871 259 -674 -886 -607 -618 -171 -114 -730 455 852 -568 596 468 -523 547 -741 -713 -317 300 -446 521 -338 -411 312 938 -57 -410 592 351 -806 104 590 -442 -787 -161 -237 951 -592 -972 123 592 425 -160 -41 406 908 634 300 -451 287 559 -428 -598 -735 -996 -466 583 17 -417 -375 -399 -357
28 -556 -606 963 223 -542 -25 801 334 -532 799 807 28 562 282 387 45 551 659 188 -975 -114 638 -187 562 -985 536 -616 -655
19 -775 352 962 -805 585 -552 388 603 198 997 -358 -268 485 -973 739 -987 -295 -783 -604
16 121 -146 973 -72 -754 276 57 319 -777 -153 639 101 -837 734 798 -754
69 -532 579 -888 468 484 -143 657 618 733 792 459 259 895 -20 -195 462 747 -656 -944 364 -871 665 -965 -981 -47 -358 719 -474 -552 372 -356 -365 -978 -582 962 592 94 523 -540 -252 810 -978 -723 351 -981 164 -98 472 806 -726 135 107 -578 792 615 -488 487 -796 -796 -393 965 -566 761 495 -100 703 405 930 -868
73 297 -717 -507 789 500 -333 -26 -203 160 571 9 -771 102 -549 246 -231 -972 -774 785 -601 202 -932 809 -362 -774 -833 464 790 486 305 742 -546 -949 479 607 -334 441 -226 618 -800 865 -50 -265 -281 -676 -384 -426 436 264 -598 -932 155 -52 -309 -955 -805 -907 -643 -684 961 918 -327 -985 -151 -347 24 128 94 -147 -1 -700 861 -199
95 601 -284 -717 770 -125 412 680 -544 277 794 -533 -512 663 671 458 -444 687 -273 -122 305 217 -958 65 651 226 307 -703 -312 -27 -550 650 421 -416 -425 719 532 16 608 513 -86 -936 655 855 878 90 813 -570 212 -875 -916 -598 692 573 352 -488 575 -821 282 -869 -206 902 730 -211 -967 595 -803 857 -111 -115 -823 786 -683 907 -974 -169 -717 -685 703 263 290 440 772 -282 440 -650 -831 -164 497 -358 -426 329 352 -507 69 -556
38 900 -405 385 961 -171 495 -713 -535 47 -545 228 -994 -43 486 -319 -91 195 -619 354 -608 615 -478 626 -901 509 -879 -706 -831 -483 -126 -78 -322 -60 287 -943 -272 89 563
87 548 -888 -255 -569 693 -539 -238 -961 -286 46 -565 287 594 438 636 393 -665 813 846 510 -568 -948 609 -693 -25 448 -311 -48 101 -453 -66 -989 313 -369 -734 -117 551 598 -508 784 394 -875 -393 -617 -529 400 -648 10 -933 -314 -416 -804 -994 473 675 378 241 348 244 508 157 113 869 -614 -232 -380 -677 164 -279 725 645 643 429 320 177 -586 540 10 387 861 -795 574 911 888 106 -670 897
39 -156 -674 595 -30 392 273 731 538 377 -79 -679 434 451 634 968 -706 676 106 -172 973 159 936 532 -653 489 840 -213 783 497 688 75 -787 546 488 -891 -346 127 99 -832
85 279 683 -970 -181 75 213 -595 794 29 -411 638 352 -483 -911 -876 266 15 -942 -395 586 377 59 -146 407 508 823 -164 -839 871 -91 -441 -851 333 207 -863 669 -938 -784 -881 -160 -75 -37 723 -326 21 -718 518 357 -539 -683 716 428 -834 -97 210 877 141 -718 104 217 -522 -179 -349 -508 -406 -528 397 372 117 -521 699 256 967 583 -312 -867 965 932 -629 -703 -838 12 -467 -942 -947
39 -313 -774 218 730 317 104 453 -69 567 -199 55 -838 679 698 -527 -357 -502 328 110 961 -787 -463 75 -749 401 -112 -441 659 818 -317 -628 268 -139 -412 -450 512 -822 -692 -277
21 -697 937 -168 -399 391 833 -524 815 -774 -265 358 941 281 -613 -834 572 -210 -243 801 91 -910
53 -252 779 566 -593 322 -777 -964 836 203 590 -394 -116 -311 217 -43 491 -217 182 -658 -498 545 727 -706 -698 -677 844 -396 -643 -611 362 -242 -79 298 597 -535 926 443 -780 -432 -311 -343 -519 190 -213 -221 222 -753 -214 897 -841 204 41 -121
47 998 576 794 988 -706 -426 672 -133 -285 708 503 -845 -961 -267 -847 920 749 -548 979 -183 -280 -789 -830 -852 626 493 140 -714 709 -596 -601 -344 910 796 523 527 -872 -311 635 -763 906 792 284 -831 -566 832 -896
46 -857 -799 -983 -540 -266 -852 -71 -443 -152 975 80 956 655 -527 -4 944 176 -588 999 -730 141 -593 -783 238 -788 193 240 -657 980 -377 931 724 371 -227 -3 -853 -428 226 26 457 621 -217 -60 -662 -797 379
25 786 -698 372 -381 -677 -403 -675 -487 -376 101 -407 -92 -783 -30 603 -5 928 894 664 -176 -530 334 -12 553 -24
89 -939 -568 -799 -771 419 -213 -691 -363 85 244 -80 -148 91 442 809 -378 -853 511 77 -894 999 324 260 144 -704 -15 -595 -977 890 -266 -612 -133 -231 242 -364 -270 -246 -159 -598 -358 -119 -194 -218 763 169 371 -95 -102 332 -118 680 -479 950 -56 894 618 244 -288 69 66 312 -547 738 235 265 738 700 -132 -370 435 221 148 558 -384 741 -489 683 -181 576 -308 -527 -361 791 -34 -314 872 -893 365 -462
26 949 -185 830 447 -117 18 757 -919 408 721 567 -47 -983 68 -786 268 988 961 704 -346 786 134 -372 -865 -888 75
96 610 -334 117 -268 968 -845 -124 -646 238 -636 -458 555 494 446 889 93 -627 -605 881 829 757 960 -509 732 -72 -834 -731 -575 -857 980 94 732 748 -265 -176 432 476 505 423 -502 -417 -483 -997 429 -201 -469 736 -636 144 260 -926 -195 -665 -470 798 867 358 -459 324 730 -960 206 -131 -391 848 148 418 -470 3 297 687 184 -280 344 -608 639 -615 129 345 -321 -892 -703 -544 -848 -305 -298 414 -241 558 -103 -901 850 -122 945 704 918
14 -851 -911 -962 576 -100 793 92 -716 959 192 445 -820 412 871
68 -360 -122 -563 -98 -917 -801 -767 -544 154 -628 -362 117 -402 -50 318 -990 142 390 -814 872 385 712 732 -822 -490 -9 856 922 -568 -603 -990 -967 488 -955 529 -320 594 606 -155 47 -172 214 291 746 -657 517 -118 759 -314 631 491 -711 246 -992 -411 115 639 -377 24 -654 600 933 -609 -11 219 -125 -363 -84
86 -179 931 387 955 -419 508 -726 151 216 -6 -187 624 -520 522 967 719 -540 -148 -93 -702 -196 645 -558 -407 606 -961 -261 422 -154 72 284 572 -648 -521 338 -206 -438 -118 114 -150 -738 -146 498 -358 -366 -368 573 -656 117 -212 876 -322 -776 -191 762 174 -245 -807 -33 -211 981 710 -654 -764 352 817 146 85 271 945 -333 820 210 684 614 830 39 700 -786 684 63 107 -20 -748 -247 541
4 288 211 628 131
42 -40 208 -347 -6 646 -913 174 467 32 768 -642 747 -359 189 734 -432 -311 -899 288 -707 -377 888 484 837 556 882 234 139 -919 -930 -305 220 -768 -677 -808 -579 218 830 900 -85 -320 -932
22 -505 -79 -876 -817 -88 9 493 -718 -596 -558 -543 -453 -873 612 830 -677 378 396 395 766 875 -546
17 495 628 -399 364 860 920 465 327 493 -311 -417 780 859 528 430 810 -721
19 221 717 257 85 -803 808 -600 -681 -27 372 -819 -144 907 -330 -744 323 888 -415 -254
6 863 -661 -970 499 452 -889
54 612 634 168 -958 -221 -467 872 -937 365 -995 249 148 748 -227 262 967 -529 -410 -245 512 -983 399 130 -840 932 -637 -663 -247 -51 -183 51 91 -328 -854 221 -53 507 -598 395 -90 472 -863 -47 633 31 173 457 -374 -250 -232 745 -179 533 93
38 -715 264 -27 -72 282 396 -615 496 -255 380 -428 845 801 -137 -835 234 -910 -768 -755 -868 -227 -742 -820 616 6 990 -312 200 51 52 -458 -191 475 878 462 19 509 -388
38 496 233 -811 394 -246 873 407 -98 542 75 -825 278 974 -619 -113 805 -855 -212 -691 811 704 -45 -289 -309 -83 903 -2 981 -609 846 -319 -11 -984 728 44 -799 -923 420
18 181 446 -177 523 -820 900 -870 -737 836 -739 -871 180 548 -652 -847 -914 929 -685
59 999 642 -824 311 251 -738 453 568 -828 -23 133 -783 -981 694 28 -487 -429 -240 796 -216 -441 814 -110 330 -859 574 -269 -30 26 -898 831 -252 -89 -851 -706 628 9 367 -612 -59 -224 -619 665 409 515 950 -602 803 113 -454 -735 371 588 104 -649 -720 -151 474 -757
44 -626 -325 777 526 982 -121 537 -319 -995 -566 549 536 840 -110 -976 -241 -360 400 -135 -849 751 -887 335 -912 768 -136 320 -981 -827 -478 988 830 704 -527 190 882 270 -704 977 -446 -815 330 -263 7
21 -838 878 69 690 -133 -797 -111 738 -55 740 -393 271 373 351 54 -849 -376 135 -996 271 223
86 -266 473 517 528 381 -35 -141 -204 685 -47 -73 436 -819 344 -203 644 -82 173 75 372 -397 -662 452 -277 199 431 870 -390 -237 -518 50 -256 737 727 892 722 -500 670 -644 -526 424 -807 -924 671 -88 -585 311 585 -639 856 867 -589 -627 -11 -783 455 -792 -345 892 265 -127 -68 640 -436 -533 -679 -498 -90 -690 312 -549 866 594 916 588 481 -128 10 -248 -468 543 498 -51 -882 543 620
60 222 862 -933 -486 -546 93 228 268 -586 900 140 -80 -963 191 -385 724 636 142 860 -216 -10 -426 -677 -84 -796 70 -488 -611 -733 637 328 -283 -594 -92 18 528 588 -516 209 -493 -406 479 -913 -59 228 -723 259 -929 623 -658 -478 -194 787 -309 -540 48 569 810 -610 -593
83 427 -589 920 895 477 -742 924 696 892 992 -911 -237 784 -102 -202 -395 745 387 634 724 -396 570 -626 811 421 941 -161 144 -402 982 -923 925 22 -360 193 770 -394 -934 -421 336 504 739 -181 207 733 -573 -976 807 689 -549 -689 -305 518 -669 -785 34 961 296 584 -932 -341 -154 -43 784 -833 -898 -775 -332 -6 920 84 -757 -500 -250 -147 516 -263 -447 222 -490 626 420 -206
20 811 450 443 697 -119 -398 134 -741 -667 -757 973 322 -750 -910 337 -768 422 -265 976 -477
