59 669 -465 161 -287 963 235 985 -114 418 -957 760 -597 -416 392 892 823 -62 -201 -181 344 -803 -901 -334 -420 -154 -106 741 885 -21 -533 785 779 -877 605 -752 -836 867 716 656 817 533 251 110 620 744 959 132 -258 -86 -737 -485 976 771 12 37 222 -766 -390 787
38 -952 825 588 -524 -320 507 -571 -595 870 886 -812 -945 245 938 754 813 179 -723 822 358 -134 784 -162 0 661 -363 -284 -998 -204 727 199 -856 -475 58 -531 339 -822 83
98 -70 -938 656 -919 302 -851 -658 831 -53 -474 -876 386 -179 -481 72 -59 -214 -562 -583 663 207 -250 199 6 -234 558 254 -241 -94 -651 793 260 787 265 386 367 541 -656 -31 -671 -944 -436 -809 -349 -426 865 326 -699 334 57 -691 -589 46 967 -756 -417 178 685 -72 920 607 319 708 383 -393 635 449 -113 674 501 233 431 419 188 325 418 -2 984 -855 -359 -209 -360 -129 -231 -846 377 643 -943 -823 -440 262 947 -502 509 269 -443 138 956
44 -301 -133 -475 -686 789 -353 544 724 -102 -327 155 652 488 853 -349 -679 -248 -180 120 -133 530 -287 799 -278 -128 -619 -514 709 91 -913 -101 484 -438 -652 337 152 967 -901 -492 -188 -521 -511 216 387
32 230 894 748 948 -326 76 842 769 194 -922 -563 -63 317 -786 -296 -986 825 288 606 -740 914 -962 -962 -152 -529 882 226 784 876 -821 -383 -372
83 569 -419 982 -733 280 -896 -808 -283 -750 406 77 -818 673 109 -971 -642 816 661 -393 -910 -884 478 525 -657 330 -364 -812 -967 22 139 42 261 -800 -408 805 -726 511 665 650 -131 -600 -484 -259 -177 -326 678 408 -962 -536 -417 -227 -920 -782 -637 490 150 -563 562 -301 321 -400 953 -866 -447 259 62 874 -815 -684 -891 -523 -724 131 125 212 324 -52 372 384 -753 -742 -306 120
2 -54 -641
18 267 688 752 130 -905 840 -269 189 528 785 684 -802 702 65 312 762 536 322
44 -818 -736 735 966 -579 542 -624 636 985 387 -65 -608 634 -460 922 640 720 312 -232 233 792 -950 718 -467 -100 876 -397 -996 102 745 -505 -302 -512 858 171 997 851 -714 98 22 -406 857 458 -104
47 -729 848 567 -371 513 433 -112 5 -433 -895 -251 33 634 916 -979 -692 -916 -967 -931 -731 236 758 -434 889 841 -292 741 -574 -932 722 -512 682 -511 47 -472 -927 654 -692 -396 -463 -459 244 466 -977 182 240 920
85 -421 309 957 772 -220 -898 -903 828 235 -159 420 434 299 -810 882 -938 -352 736 287 -915 437 -452 279 -119 -913 -812 924 31 82 -129 633 -245 -485 -432 -910 -868 -251 513 203 -285 235 -48 -303 997 -521 -280 -882 401 184 935 446 -172 -127 -427 276 -495 -985 61 -245 957 -72 472 -474 -884 -750 -961 413 -214 -16 -260 350 966 -824 208 3 -34 189 -239 939 135 -339 -580 962 243 -448
21 842 -780 179 -810 246 431 -609 976 285 -738 -928 -540 -745 -115 -28 -427 523 -476 -704 -930 -302
53 -440 59 49 -569 -102 116 -878 -927 675 -993 117 832 -46 80 -168 -701 748 790 593 55 -783 -738 -359 -586 -217 702 -580 788 -965 -1000 610 636 538 -778 -104 185 -982 -263 -298 494 806 -394 -688 293 887 618 -375 657 172 482 -517 -163 777
19 257 -880 -998 -984 -520 -453 238 -757 176 993 459 -670 -411 -9 93 996 975 -992 823
52 192 698 774 786 -565 778 -318 97 932 20 717 992 -368 451 108 -231 727 364 950 -550 426 425 -41 373 404 175 525 -595 -883 -474 308 664 796 659 12 -432 -32 707 -836 465 632 216 -533 -891 -13 -573 -733 948 -838 565 592 226
18 283 844 871 -898 -778 623 -196 472 821 697 -186 -963 699 987 862 -928 160 306
42 960 -73 -844 -714 313 -646 271 789 627 -232 -393 968 -849 -176 875 662 -518 -869 -823 256 -321 -450 298 815 732 964 -971 -117 646 542 803 37 947 -827 -163 -586 962 -508 -510 -645 -294 240
40 913 123 -104 84 469 -450 -446 -966 22 712 331 -105 -156 -242 -665 423 675 -701 -316 273 -370 -111 656 922 122 -993 -547 601 47 -815 -523 -162 918 -791 130 -649 999 260 -582 353
32 -654 739 -969 500 926 -909 216 -537 37 -249 20 -69 -61 498 856 -987 434 401 396 -257 -503 -407 -974 -454 -816 -419 149 -107 -433 567 371 -297
52 -856 711 941 -326 -355 -244 425 -454 -693 -210 -88 222 -225 932 326 652 621 989 -437 -682 -717 -299 765 176 -766 -745 894 111 316 274 -51 523 891 -113 361 -378 588 -141 175 -709 -236 27 -149 395 86 291 491 45 -967 -520 -512 -316
27 324 -163 601 -550 -204 -402 598 -612 568 693 470 -168 -1 -553 798 -776 -128 -938 71 61 157 -428 578 -880 -545 -358 968
70 46 -691 12 639 -974 -855 900 8 -962 619 414 130 941 -338 -156 272 638 57 -868 -87 913 839 482 -461 50 -434 675 -773 -576 -161 -438 975 0 -748 383 985 72 758 -942 -941 -731 629 -569 768 892 958 -671 -767 19 134 533 152 -992 -211 862 -329 -70 -504 -493 -618 163 273 -707 -357 -533 -654 -736 723 -942 668
1 -786
87 -602 563 -100 983 -58 403 -804 891 -888 -859 880 259 279 764 -180 -93 -642 401 -566 -543 -570 192 -986 592 937 -123 -513 -790 -865 -160 -539 630 86 468 -815 -152 683 -920 -236 -704 -619 -71 832 -759 -738 -569 -914 -61 -931 -835 528 -952 -315 -77 -38 -800 440 -466 19 731 -895 303 565 521 -142 238 555 564 519 -126 -531 396 22 535 557 198 248 172 639 -304 889 738 -778 -839 -836 -745 -321
78 851 725 216 -832 -914 110 -668 -794 -596 962 -48 -540 -6 887 -214 743 -263 -795 -101 -751 -140 -43 968 -184 71 634 -243 725 -771 252 -841 866 -913 -168 156 -139 -225 828 -96 -657 439 -348 -352 -99 -779 197 -680 -57 851 819 -82 713 317 432 -184 166 140 -242 -553 286 -757 -868 14 395 -254 546 124 720 235 396 -936 720 -336 -239 394 -132 790 785
44 739 48 305 385 532 454 254 -443 -425 -912 954 611 51 672 -841 273 505 104 -936 382 31 479 -810 -900 14 47 352 383 -76 196 405 758 -785 -908 626 -759 -958 -663 252 230 -925 681 86 -986
51 -699 176 -324 581 -487 -321 447 879 919 -104 -720 -60 914 -320 -72 128 -302 -636 -26 -453 -449 605 -503 586 545 256 911 832 -458 -724 -372 999 310 -464 -548 -624 -845 -925 667 -871 -96 495 442 666 -925 -259 909 661 -141 -291 -61
15 185 868 -382 -454 597 -311 241 303 -248 -506 826 67 479 -26 500
68 707 199 -67 -24 -867 -435 -38 299 171 417 457 144 -927 289 -842 499 822 257 541 253 -293 534 582 275 5 -348 897 309 109 -45 -139 579 -193 248 -163 677 480 832 711 218 666 213 896 568 -679 -434 -578 -925 -641 -494 -689 -515 -975 -690 350 -717 273 -814 748 -466 -871 431 -240 411 609 -435 -182 297
37 -606 865 -136 -211 997 -600 -977 891 -205 314 629 621 359 800 914 520 577 453 305 -197 134 -719 -990 -673 -561 689 763 -382 628 181 134 -180 15 295 862 603 957
47 -257 -328 -342 -480 893 -587 -399 -65 -542 142 373 -821 -461 -283 3 836 566 -533 -82 655 -970 -154 462 654 -870 -469 -744 -189 345 -241 937 -547 32 -147 -891 206 361 471 591 634 372 485 559 -716 880 -93 548
34 -778 -816 809 -468 -1 949 160 -750 -420 908 -126 -461 -699 -961 -566 662 -977 61 -365 -530 -420 741 890 -413 604 589 -193 -419 -640 286 -344 743 443 677
11 -370 443 -611 -29 809 -154 946 -313 -926 506 873
12 400 66 -373 564 30 -755 696 192 609 68 -643 -817
71 -354 -167 -821 496 -561 -418 347 258 -124 216 253 55 -697 -779 320 986 -431 -296 416 -302 260 0 902 924 -471 574 -967 554 632 410 576 -144 -26 383 -439 351 -744 167 36 -948 -5 -936 227 71 248 -873 211 -961 123 -846 -294 -156 -926 174 389 997 -876 -743 614 -660 -248 632 817 -590 -925 223 -430 -1000 786 -437 733
57 -349 -414 -510 -433 -710 260 825 60 307 475 490 -242 702 -775 -731 -699 -267 -173 -767 970 968 258 -410 -196 989 864 500 843 -153 -206 -832 735 420 -69 121 -932 -112 301 -195 840 -641 -369 -486 695 -761 330 -153 -158 -78 -61 463 -165 -356 -175 -885 -566 898
55 926 -250 -750 -994 -262 -242 -357 -208 -157 -337 -588 -39 511 232 -210 -251 -661 -943 697 711 745 -94 987 703 324 974 67 401 -323 781 757 -874 -424 -750 -459 -116 -316 -740 -430 507 900 918 -920 -354 -43 143 477 93 -328 -532 -347 -627 -696 -230 -895
88 -204 -327 -357 960 -357 294 447 621 -550 400 376 -718 -406 -122 814 -555 -236 194 -577 -318 157 -791 -313 853 -963 666 -981 -148 481 -489 111 229 -864 690 600 -153 718 -209 245 578 366 627 647 42 390 -684 205 317 -170 444 693 -222 268 878 -838 -144 -638 -475 901 148 -602 -146 -991 736 -340 700 659 -104 671 757 -309 309 -806 -907 959 -195 247 -359 260 -68 -970 171 890 -43 -69 651 763 -487
24 860 510 33 64 -559 -18 523 291 293 -372 283 238 303 270 87 581 120 -309 191 -689 511 517 52 778
24 586 -850 -432 -194 -916 767 247 699 232 -642 697 803 115 -968 383 -837 738 757 855 733 -129 897 694 -717
25 -928 90 338 -588 173 489 -613 802 -606 -447 557 -502 196 -671 -909 999 -426 -678 -296 -647 682 -393 306 51 180
36 -224 46 -475 -922 402 962 -713 730 890 -146 -18 353 266 703 -437 552 793 649 -743 307 990 555 -115 -753 367 -698 151 531 -836 -892 -138 598 -364 -502 -523 665
16 246 -918 -804 668 165 -261 -870 -161 -979 693 558 1 -22 -438 -327 484
58 -960 393 -110 607 -538 -63 296 -666 -611 632 -365 -327 -771 0 -416 922 -65 -195 74 -364 65 734 895 -589 -975 590 -185 -71 -305 -888 -258 853 140 -851 -768 34 -643 -961 773 492 835 926 -706 -504 600 -838 -224 -495 -88 -84 -797 -43 763 39 317 -756 187 692
82 82 543 424 485 529 635 -95 -249 540 116 -712 35 -706 727 -357 202 -445 -774 226 -730 37 -628 -773 -402 -190 -845 -518 95 -177 78 -779 -267 480 -457 762 994 205 874 -691 -32 902 -211 139 294 375 -934 341 -689 -814 -385 -451 61 58 -349 -329 -638 279 -440 918 -28 -775 355 -925 940 717 -761 587 -989 386 -879 730 -41 809 53 916 -10 -908 -5 -126 -564 -52 703
9 -998 -954 -862 -533 -393 601 -480 -718 134
44 -603 927 -470 692 -216 -99 -251 792 108 -381 645 45 977 938 964 -541 900 660 -139 -372 861 566 488 -349 817 -742 -325 -680 375 486 673 -410 887 -915 -914 -627 68 995 -82 -13 35 72 -213 -437
70 40 -708 -374 -646 155 -416 -300 -336 -332 136 -765 415 13 -702 -230 -922 -537 492 850 -2 -93 0 671 328 23 -897 567 -311 -815 -995 -358 -376 -458 779 -54 39 -144 387 730 -664 -13 199 48 243 -630 -509 527 -212 -572 -696 59 431 -996 571 -632 -955 -503 -799 209 380 17 -709 -348 551 -87 859 242 -938 636 2
88 -246 608 881 -345 -680 -692 -965 -981 -897 -791 208 -689 646 514 31 492 -678 349 -974 756 1000 -503 -635 128 18 597 684 -307 -602 68 973 697 -554 -872 429 590 -70 702 -563 116 -54 840 -651 -934 -880 152 334 -292 787 -852 241 -252 326 -587 -946 983 47 -995 -108 970 -458 -110 133 -507 897 687 384 141 -876 412 763 500 -357 643 750 -99 913 -616 660 335 610 -21 858 408 118 -19 125 -225
65 680 -523 -200 -295 943 -489 -678 -559 -699 742 561 -858 -201 610 917 629 -662 454 678 -543 410 110 686 -954 -458 443 349 150 -970 -549 -84 -955 -411 861 543 137 -57 219 788 -392 -598 643 -810 934 217 -501 556 -362 -847 -454 -840 -858 367 696 -960 876 413 221 -892 -951 927 542 916 -745 934
59 -252 -251 973 252 370 398 819 -691 -879 -792 -140 582 599 -729 -354 646 -145 952 942 128 807 -278 178 836 -65 811 -254 884 -811 777 -875 305 600 -512 749 -921 -589 449 -440 778 -283 -946 -656 850 407 783 294 -819 337 137 613 975 704 -495 495 -35 131 126 -846
54 -174 -810 640 215 -257 -144 362 -401 -929 562 354 -372 613 312 -872 -415 200 -27 635 -180 492 -603 412 877 667 399 -822 109 -784 -15 7 304 -922 -847 930 340 78 222 217 -362 -763 -456 -566 -469 169 -745 4 831 424 160 -474 -62 769 -829
39 -189 314 283 -387 -354 -181 355 567 270 666 -556 518 224 -394 -104 -242 -284 -249 -233 332 -574 -619 412 247 -321 -472 -325 651 -242 439 423 440 -218 868 464 -678 983 156 -477
71 -253 -72 -729 791 -702 -864 -189 414 865 188 -112 -536 -886 94 -68 -618 316 247 -869 -98 -399 769 571 -995 -620 -398 401 -680 233 70 95 -689 -955 262 -638 980 823 41 348 -516 72 -388 855 -952 195 448 461 -82 -753 -108 968 438 -19 686 -706 -491 731 824 876 -875 -553 49 -929 436 834 -31 400 535 363 -829 -44
52 57 -611 21 439 390 17 -83 845 -344 797 -442 -1 -220 511 753 175 581 531 -704 729 -237 941 -326 -599 647 188 20 -210 -102 975 -747 274 -891 -308 489 -967 609 -855 -979 -800 279 413 -970 -369 581 601 -161 204 -355 366 -180 515
54 715 202 449 -828 638 998 -324 -741 -22 625 385 -689 407 -625 -644 671 -487 36 -14 620 295 -747 -348 864 910 -988 -637 -481 725 -312 34 -523 -505 977 -746 -675 -253 375 -20 -26 633 -524 842 -863 235 -846 769 -77 897 -687 131 -875 -955 -48
96 199 -815 -640 947 -948 -694 742 -123 -574 -880 -667 -937 638 -291 -685 -401 -776 -427 153 -491 -102 36 -180 -141 43 735 698 -689 -810 -796 -644 669 -341 -305 -150 -758 692 -461 -275 -11 599 -77 12 -879 -115 178 -712 -988 358 516 -685 -942 -609 -298 752 662 970 -943 -630 -31 848 441 -466 -189 812 247 405 -635 -130 -3 -302 126 852 119 -754 308 988 162 -217 154 -843 56 192 -681 -817 204 -60 130 957 527 299 847 -552 307 621 -780
75 194 592 -962 -556 472 -949 281 584 51 -164 645 -767 207 -41 -13 -183 -468 617 -321 -88 776 864 561 -537 76 86 -26 -95 -358 -696 -578 -645 -181 602 -929 971 -303 -166 418 -409 -120 -196 529 -111 500 301 -465 332 -912 290 689 -693 -52 456 596 -597 495 -297 817 -685 200 -909 627 963 -695 142 -665 -882 -421 -458 -304 -669 -226 -131 -634
51 717 -576 611 667 632 -29 960 -417 -978 368 -754 -294 734 556 -8 -297 -451 -473 -739 668 -543 684 246 983 865 471 -43 -302 155 255 317 946 -643 7 827 761 -104 375 300 394 -475 842 -637 -127 167 957 579 728 730 792 -818
100 489 146 6 -327 -182 -459 -538 -405 -66 576 794 -506 387 565 -601 -81 649 -248 242 529 -448 -53 710 -374 -616 -300 235 404 -644 -351 370 904 273 150 -357 -863 91 -385 -943 311 -857 959 -397 191 83 278 -373 279 249 85 723 -873 -889 -167 -823 241 483 473 -682 -554 565 700 525 -422 577 761 -868 725 547 -592 -547 151 336 -668 -951 -959 572 394 35 119 -229 -167 251 866 -941 636 -989 -334 -359 179 945 -299 -245 190 319 -97 818 -638 -830 559
85 -430 -819 777 -37 -712 -210 56 681 5 -875 563 -969 169 -498 116 -17 289 -860 -608 -634 220 337 -490 821 671 977 -564 -336 390 529 -32 -772 334 742 -463 -344 -364 -743 929 -215 743 634 -394 750 182 -114 533 873 -130 983 198 624 -464 428 561 -72 303 368 -848 123 935 861 -183 -277 -560 -993 403 -896 37 -689 -300 119 -220 -389 -495 925 -811 239 227 712 -568 403 353 -662 -261
98 770 4 560 993 -113 -422 -596 -958 547 -759 -757 619 -610 832 748 -137 793 928 -431 615 439 -226 -29 65 -993 -152 -352 -50 -609 328 333 14 -466 862 -429 911 925 606 793 -754 90 991 229 -852 578 466 -990 -982 -234 568 694 -419 675 472 -915 -465 128 -435 -642 -373 -37 -656 665 -692 993 -188 291 -270 -746 -13 -914 -645 49 -187 832 -996 -655 1 -662 -373 652 236 -524 810 913 -726 -426 187 835 566 207 -746 -115 280 181 -668 -93 -259
92 -995 -240 88 -877 113 648 -732 -77 389 -646 995 -367 -30 -648 -504 -723 -946 335 562 770 -578 -883 42 -516 -367 -628 -562 783 -679 901 782 596 -741 -551 -872 106 -904 -422 -858 -224 -712 895 774 932 641 -699 -123 291 -610 735 -800 451 -952 81 -513 -17 801 828 893 801 -597 741 -115 -50 -943 177 352 372 -239 -268 -864 -732 201 -731 -852 -765 496 -562 534 -669 319 385 -10 -866 304 48 305 -22 999 -273 121 -792
68 -710 307 184 41 -687 -647 -972 752 -14 907 -615 -619 -258 761 556 829 -883 815 -93 -582 -114 -163 -763 -619 -5 630 -261 549 320 610 -435 -220 -848 67 -192 133 875 -660 -164 361 -786 181 -389 182 -203 -330 -62 440 246 471 -229 -868 577 619 704 100 -894 -472 -563 887 -91 -598 -547 -601 687 532 826 949
4 101 459 -400 997
31 206 561 -884 -56 133 -685 73 -926 181 982 -252 -16 -148 628 992 130 -280 -605 945 672 13 -380 -116 53 -843 889 793 -8 -749 202 -691
71 160 804 479 513 -309 -358 211 -39 72 585 612 423 71 935 672 904 -918 842 608 166 -824 918 526 -660 567 -601 -104 -954 447 -22 148 589 806 -671 487 -27 543 100 650 944 342 560 -302 -982 36 938 -447 -499 82 -789 237 655 548 -650 972 -718 806 892 501 -179 -279 -990 532 -135 344 -781 573 370 363 -929 631
51 -635 644 -688 -796 -61 -308 904 904 -325 863 -997 251 -138 604 -958 707 977 -92 629 -478 -604 -244 -766 -899 -791 275 -225 -469 -776 981 -368 -850 673 180 134 271 -544 -523 -803 -235 76 465 -202 60 -275 727 -69 -435 601 960 614
18 903 348 666 551 -827 3 -433 884 213 -370 283 667 -447 -503 485 688 308 408
80 328 -306 967 19 34 -919 -187 -929 -270 270 112 112 -663 850 656 -645 881 -5 459 245 789 202 -425 -543 51 -816 -355 516 -916 206 378 348 -877 -39 -282 -245 -983 -758 -344 622 -458 645 955 321 -201 849 393 612 -132 -836 -98 -462 182 -537 720 5 592 379 59 521 628 -580 -325 294 706 -854 98 176 -909 661 728 387 -13 641 -446 145 642 -999 579 423
65 -820 974 -755 496 -735 -365 -158 588 29 301 -323 -922 287 -573 -126 991 409 -455 -402 -677 -831 -26 -159 -584 186 -681 -64 -121 -801 -158 34 -298 -970 -596 938 244 -427 845 -727 151 536 283 -889 105 -411 204 -981 -652 729 -905 -642 580 657 -451 349 111 962 -378 867 120 934 -690 980 -66 -929
76 797 509 -198 583 663 -450 693 -126 -997 -655 427 -858 -885 -188 -585 -734 -113 34 -72 525 867 -406 410 32 469 243 332 707 -500 -650 -501 -48 -394 -232 560 525 294 -594 -429 638 832 285 -992 -7 -797 -221 -917 206 -21 837 410 -874 305 672 199 -240 522 893 938 -558 160 976 339 -535 -307 44 216 -678 -886 -256 61 -924 892 11 36 -344
96 -55 538 -918 -190 -202 290 -221 752 453 827 -709 221 -689 -752 -409 951 939 -562 -950 832 639 477 823 557 262 271 -526 17 -24 788 -93 -706 484 -599 140 265 -179 -4 -656 266 -360 -540 -956 201 56 688 -389 -977 789 921 502 -193 -987 -173 -122 869 -266 674 -907 -422 547 -596 481 604 -679 481 -272 434 309 -694 -100 510 -10 -237 -914 -245 -172 -912 -575 -81 631 358 479 357 -35 -414 -947 -250 -882 545 -321 226 478 -866 101 -76
99 -476 676 -521 -439 -373 -713 39 -989 -358 -417 889 -950 -970 675 841 514 42 -665 -695 601 -544 -110 389 -579 -416 81 -689 -988 -149 -225 -382 158 523 -447 -358 -466 149 871 -752 -836 493 -647 761 518 416 -54 257 -836 -604 -628 320 -590 436 -381 -602 -497 -851 419 -499 318 -597 -86 22 894 -319 -972 768 -373 254 800 -874 173 485 597 398 -748 -882 468 -75 291 -940 -645 -121 -763 -959 682 992 835 617 -875 791 105 -977 309 -692 961 -443 -585 -485
50 -24 -857 -590 969 917 -770 -38 -230 -49 306 977 414 -79 -383 -28 571 -497 919 -547 882 -20 -417 -124 -428 754 -891 -171 560 -872 171 -137 149 723 871 -152 -942 253 -69 195 25 -722 -80 -694 749 782 887 -735 553 251 221
99 311 154 -279 -133 621 404 162 -6 716 74 -657 -882 -527 -647 780 -683 -90 -281 -505 -953 378 775 587 -102 614 -903 -69 517 126 -145 -475 510 373 421 -730 575 640 -615 777 205 956 459 499 -499 472 694 524 853 735 -940 465 1000 376 -24 -849 -440 -633 -698 -543 -650 -991 -868 967 -543 516 -201 236 93 -720 -739 362 -440 -314 -271 -717 -259 -588 -782 -154 -608 -644 -281 -994 45 -446 989 -132 -228 269 30 -563 817 885 -841 404 545 -428 213 19
59 -132 454 306 382 484 594 453 689 591 676 -489 -133 52 -626 951 -357 741 -403 -196 -774 298 -594 -436 965 845 -748 -96 -454 -587 -820 -575 -672 473 -432 -851 180 -743 -605 -101 407 651 -413 777 24 -47 10 -827 -619 403 482 823 -884 -820 -192 456 354 -476 -791 -689
31 694 -457 -508 225 342 422 -923 -924 690 849 -670 207 -803 123 209 136 221 709 -655 457 76 304 132 -653 -763 61 -352 -550 -997 459 463
15 -476 942 402 716 -170 -985 326 -133 754 -878 -272 -962 167 812 646
47 599 262 -573 -247 -102 404 -988 739 896 -685 -900 406 759 600 -25 696 -593 411 -602 -404 14 833 818 -140 690 -127 -960 -477 -954 576 -457 -323 -157 -378 -17 -111 54 861 -521 -592 -78 -338 600 -446 795 598 280
86 -40 740 -687 576 -434 -333 -543 285 784 616 -377 -500 372 83 239 10 615 -397 815 -104 772 -794 -123 193 -383 174 195 -460 -448 -705 175 925 -486 648 748 -374 839 -235 -351 -145 -54 530 57 -668 -956 -185 -837 879 355 700 -651 -882 -649 -765 545 72 -114 -948 715 321 1000 -409 28 -179 -340 758 -474 -642 324 -559 -439 -529 -528 -886 781 -993 822 397 -829 -507 -931 -361 -787 104 -536 -789
37 -462 -557 -94 -730 -61 -787 248 -724 -511 -765 620 -216 472 166 -423 772 790 -359 454 448 -903 777 240 827 122 -771 39 21 325 -303 -888 807 212 -528 -445 -437 285
8 285 -183 467 -510 -820 186 600 -262
8 -216 -544 441 -420 734 552 453 104
99 -152 943 -939 273 493 273 -777 -482 658 -619 -299 821 427 656 124 394 944 50 -945 -450 -119 791 -300 -743 -17 -65 -823 527 886 -321 963 -920 884 188 62 -421 -977 -795 921 199 989 806 19 -172 -577 50 835 631 -845 -344 467 -761 -485 -629 386 958 0 -932 -586 345 -72 -50 448 -425 -11 -496 -987 -874 4 283 -351 655 -634 540 -981 737 -133 432 -627 -334 943 -380 -886 916 44 652 141 -41 898 240 637 -170 -135 -328 316 557 -663 445 462
38 -501 -754 255 -360 555 774 -838 -951 -263 20 -97 768 -764 42 -939 427 728 -899 -609 38 -212 364 260 -154 122 -591 -971 958 -451 954 362 261 780 978 747 -230 674 677
20 400 196 737 -216 -837 -383 405 386 91 -493 -797 -428 -155 -861 677 -99 -966 -269 600 646
4 63 383 851 -772
84 -127 -934 590 -960 -79 28 970 91 28 644 444 -485 713 -400 205 862 -423 -421 -555 525 -141 -864 -663 283 974 -608 -325 228 -467 -514 -221 162 124 -740 836 961 195 -643 -803 8 893 -431 497 888 790 441 694 625 -992 32 258 433 -705 749 320 -807 -562 -438 182 -621 59 32 -182 -194 -232 -499 792 -160 530 608 -738 -849 -781 -919 691 -273 -278 179 691 383 -709 485 12 -642
54 -529 3 714 -251 -521 -899 463 -131 862 -363 458 -375 -195 598 -800 -38 -619 356 -79 933 705 475 -117 909 -314 -615 -395 -673 -709 -309 -45 -718 128 394 -694 178 -377 -239 -950 863 846 -305 -881 -759 -626 565 -562 268 420 985 -941 -119 285 -505
42 -84 784 962 -475 -386 742 231 7 -764 706 398 -380 -522 874 -304 -653 -736 291 -288 -316 623 -905 937 954 3 -35 -642 -928 -813 -94 -585 -117 427 -431 419 -861 -424 -490 -722 842 644 -933
81 -257 -622 68 -151 -442 -631 -434 -152 -421 -851 -464 -856 -19 75 -583 -332 362 756 -211 -36 735 867 -588 796 16 566 649 867 264 685 -791 670 -122 682 982 -431 -108 242 -299 -335 -991 -944 -933 658 -292 -235 243 -26 480 -279 -914 -563 -189 355 -445 -67 -763 59 -126 362 394 336 608 -991 890 -993 22 -524 -771 -647 -133 -41 84 284 776 -745 3 919 471 323 -301
78 111 843 -66 395 -671 -40 6 -748 960 -68 163 232 871 198 387 -679 106 344 106 -301 789 -650 -682 -167 -469 766 -436 402 653 437 827 426 841 -33 865 222 886 294 -328 51 -237 -879 483 -259 -133 742 -577 381 727 -270 -779 -824 913 50 -737 -918 980 -854 966 -528 -816 -339 -300 -102 762 914 -422 185 581 -906 432 281 17 482 -170 -650 138 -255
70 -816 -238 463 -582 459 -348 -829 -452 -585 925 -218 783 -784 549 -988 291 920 -630 -414 -167 854 249 -167 560 290 -298 897 -474 289 -10 969 -802 -368 926 514 714 377 -917 -460 389 274 21 -586 743 -968 780 -442 135 -205 920 -121 589 304 401 268 388 -759 958 541 -906 249 -62 137 -10 66 -676 -594 302 190 669
5 142 978 706 -476 -622
73 573 -255 -261 -338 43 182 647 -252 -131 204 21 356 -515 520 -727 -938 345 828 -586 684 929 -539 100 29 859 -932 556 333 -735 420 -936 392 -548 -7 94 -222 -952 386 41 -343 -920 -457 779 508 -805 742 418 559 -898 836 611 -252 -266 -794 -629 308 155 530 327 747 -318 -664 286 -928 -848 -608 -862 265 311 660 507 870 648
49 -63 878 -85 942 175 216 -89 389 -364 641 377 843 -97 870 -95 247 799 -644 -830 188 977 -553 385 -505 218 631 916 688 -668 -883 856 598 879 974 -351 770 -873 -897 -434 -389 -469 567 -538 -22 510 -734 -807 446 28
78 -796 -807 -170 -639 -518 682 -538 -288 224 250 -992 256 -39 -528 -578 88 119 -368 -505 143 773 644 390 406 -29 524 396 -282 886 790 326 976 -419 -184 -478 709 -108 78 -675 -65 13 455 -174 -853 132 -542 -554 550 -241 -387 257 288 -466 91 303 -836 119 931 -323 -630 379 911 827 704 -785 -874 341 881 756 -876 -164 -592 552 882 -140 191 -364 -760
93 543 -413 619 411 164 -914 -397 -992 -296 508 -250 935 -149 -609 -989 -582 -177 -969 -304 -391 430 312 810 -375 -263 -422 -984 -956 554 938 626 -863 252 -94 501 -416 198 470 -266 603 414 370 159 929 313 -913 -789 -892 991 -165 614 453 -888 115 -430 -574 -274 -511 -189 850 77 -78 434 693 -838 -4 424 -184 -302 628 -508 121 -231 630 -173 687 250 -622 -447 979 106 22 105 682 -553 -817 -603 -148 394 549 866 212 -606
83 -798 -113 635 990 -955 -640 225 205 864 -474 -631 -794 956 -5 -604 -853 -900 756 -612 512 -807 -721 -780 -159 -262 429 -2 -10 -996 857 923 -152 102 151 -279 992 -44 486 383 277 710 -193 186 223 360 394 -393 -21 -826 -631 707 62 -938 449 -808 593 884 -811 -411 -174 644 -75 216 734 -170 61 959 804 -943 -947 276 -290 -669 -951 612 -442 -868 -656 671 -348 161 -889 91
